Derived Parameters:
beta = 27.5583, mu = 26.8592, xi = 0.124208


European Options:
Strike    Call        95% CI         Put         95% CI
--------------------------------------------------------
80.0000   21.8834  [21.8265, 21.9402]    1.8752  [1.8612, 1.8893]
90.0000   14.6202  [14.5704, 14.6700]    4.6121  [4.5889, 4.6353]
100.0000    9.0942  [9.0531, 9.1354]    9.0861  [9.0530, 9.1192]
110.0000    5.2811  [5.2490, 5.3131]   15.2729  [15.2306, 15.3152]
120.0000    2.8807  [2.8569, 2.9045]   22.8725  [22.8227, 22.9223]

Asian Options:
Strike    Call        95% CI         Put         95% CI
--------------------------------------------------------
80.0000   20.1648  [20.1312, 20.1983]    0.1570  [0.1541, 0.1598]
90.0000   11.2907  [11.2611, 11.3202]    1.2829  [1.2737, 1.2920]
100.0000    4.9280  [4.9066, 4.9494]    4.9202  [4.9016, 4.9388]
110.0000    1.6293  [1.6167, 1.6418]   11.6215  [11.5944, 11.6485]
120.0000    0.4129  [0.4068, 0.4190]   20.4051  [20.3733, 20.4369]

Lookback Options:
Strike    Call        95% CI         Put         95% CI
--------------------------------------------------------
80.0000   38.4427  [38.3980, 38.4874]    3.3807  [3.3630, 3.3984]
90.0000   28.4427  [28.3980, 28.4874]    8.3549  [8.3279, 8.3819]
100.0000   18.4427  [18.3980, 18.4874]   16.5222  [16.4900, 16.5544]
110.0000   10.5300  [10.4903, 10.5697]   26.5222  [26.4900, 26.5544]
120.0000    5.6523  [5.6211, 5.6834]   36.5222  [36.4900, 36.5544]

Barrier Options (Up-barrier=110, Down-barrier=90):
Strike    Up-In-Call     95% CI      Down-Out-Put    95% CI
-------------------------------------------------------------
80.0000      19.4397  [19.3788, 19.5006]       0.0000  [0.0000, 0.0000]
90.0000      13.8234  [13.7725, 13.8743]       0.0000  [0.0000, 0.0000]
100.0000       8.9829  [8.9416, 9.0241]       0.1510  [0.1485, 0.1535]
110.0000       5.2811  [5.2490, 5.3131]       0.9308  [0.9222, 0.9393]
120.0000       2.8807  [2.8569, 2.9045]       2.5223  [2.5054, 2.5392]

Total time used: 75.8623 seconds (CDQ-FFT version)
