Derived Parameters:
beta = 27.5583, mu = 26.8592, xi = 0.124208


European Options:
Strike    Call        95% CI         Put         95% CI
--------------------------------------------------------
80.0000   22.0776  [22.0189, 22.1364]    2.1298  [2.1145, 2.1451]
90.0000   14.9226  [14.8710, 14.9741]    4.9747  [4.9501, 4.9993]
100.0000    9.4540  [9.4112, 9.4968]    9.5062  [9.4717, 9.5407]
110.0000    5.6290  [5.5952, 5.6627]   15.6811  [15.6374, 15.7248]
120.0000    3.1572  [3.1318, 3.1826]   23.2093  [23.1580, 23.2607]

Asian Options:
Strike    Call        95% CI         Put         95% CI
--------------------------------------------------------
80.0000   20.2078  [20.1730, 20.2427]    0.2134  [0.2099, 0.2168]
90.0000   11.4557  [11.4251, 11.4862]    1.4612  [1.4511, 1.4713]
100.0000    5.1621  [5.1397, 5.1844]    5.1676  [5.1480, 5.1872]
110.0000    1.7930  [1.7797, 1.8064]   11.7985  [11.7704, 11.8266]
120.0000    0.4796  [0.4729, 0.4863]   20.4851  [20.4519, 20.5182]

Lookback Options:
Strike    Call        95% CI         Put         95% CI
--------------------------------------------------------
80.0000   38.7800  [38.7338, 38.8263]    3.7563  [3.7373, 3.7754]
90.0000   28.7800  [28.7338, 28.8263]    8.8420  [8.8137, 8.8703]
100.0000   18.7800  [18.7338, 18.8263]   16.9810  [16.9473, 17.0146]
110.0000   10.9164  [10.8753, 10.9575]   26.9810  [26.9473, 27.0146]
120.0000    5.9993  [5.9667, 6.0319]   36.9810  [36.9473, 37.0146]

Barrier Options (Up-barrier=110, Down-barrier=90):
Strike    Up-In-Call     95% CI      Down-Out-Put    95% CI
-------------------------------------------------------------
80.0000      19.7049  [19.6424, 19.7675]       0.0000  [0.0000, 0.0000]
90.0000      14.1355  [14.0829, 14.1882]       0.0000  [0.0000, 0.0000]
100.0000       9.3381  [9.2951, 9.3810]       0.1453  [0.1428, 0.1477]
110.0000       5.6290  [5.5952, 5.6627]       0.8745  [0.8662, 0.8828]
120.0000       3.1572  [3.1318, 3.1826]       2.3663  [2.3498, 2.3828]

Total time used: 27.8627 seconds (CDQ-FFT version)
