Derived Parameters:
beta = 27.5583, mu = 26.8592, xi = 0.124208


European Options:
Strike    Call        95% CI         Put         95% CI
--------------------------------------------------------
80.0000   22.0937  [22.0350, 22.1524]    2.1216  [2.1064, 2.1369]
90.0000   14.9294  [14.8778, 14.9809]    4.9573  [4.9327, 4.9818]
100.0000    9.4473  [9.4045, 9.4901]    9.4752  [9.4407, 9.5096]
110.0000    5.6163  [5.5825, 5.6500]   15.6442  [15.6005, 15.6879]
120.0000    3.1497  [3.1243, 3.1751]   23.1776  [23.1264, 23.2289]

Asian Options:
Strike    Call        95% CI         Put         95% CI
--------------------------------------------------------
80.0000   20.1986  [20.1638, 20.2335]    0.2110  [0.2076, 0.2144]
90.0000   11.4438  [11.4132, 11.4743]    1.4562  [1.4461, 1.4662]
100.0000    5.1458  [5.1235, 5.1682]    5.1582  [5.1386, 5.1778]
110.0000    1.7910  [1.7776, 1.8044]   11.8034  [11.7754, 11.8315]
120.0000    0.4824  [0.4756, 0.4892]   20.4948  [20.4617, 20.5278]

Lookback Options:
Strike    Call        95% CI         Put         95% CI
--------------------------------------------------------
80.0000   38.3204  [38.2743, 38.3665]    3.6170  [3.5983, 3.6357]
90.0000   28.3204  [28.2743, 28.3665]    8.5849  [8.5569, 8.6129]
100.0000   18.3204  [18.2743, 18.3665]   16.6049  [16.5713, 16.6385]
110.0000   10.6055  [10.5648, 10.6462]   26.6049  [26.5713, 26.6385]
120.0000    5.8028  [5.7707, 5.8349]   36.6049  [36.5713, 36.6385]

Barrier Options (Up-barrier=110, Down-barrier=90):
Strike    Up-In-Call     95% CI      Down-Out-Put    95% CI
-------------------------------------------------------------
80.0000      19.5461  [19.4834, 19.6089]       0.0000  [0.0000, 0.0000]
90.0000      14.0652  [14.0125, 14.1179]       0.0000  [0.0000, 0.0000]
100.0000       9.3129  [9.2699, 9.3558]       0.1648  [0.1622, 0.1675]
110.0000       5.6163  [5.5825, 5.6500]       0.9557  [0.9470, 0.9644]
120.0000       3.1497  [3.1243, 3.1751]       2.5395  [2.5224, 2.5566]

Total time used: 12.5218 seconds (CDQ-FFT version)
