Derived Parameters:
beta = 27.5583, mu = 26.8592, xi = 0.124208


European Options:
Strike    Call        95% CI         Put         95% CI
--------------------------------------------------------
80.0000   22.1625  [22.1036, 22.2215]    2.1130  [2.0977, 2.1283]
90.0000   14.9986  [14.9468, 15.0504]    4.9491  [4.9245, 4.9736]
100.0000    9.5160  [9.4729, 9.5590]    9.4664  [9.4320, 9.5009]
110.0000    5.6742  [5.6402, 5.7082]   15.6246  [15.5810, 15.6683]
120.0000    3.1912  [3.1655, 3.2168]   23.1416  [23.0903, 23.1929]

Asian Options:
Strike    Call        95% CI         Put         95% CI
--------------------------------------------------------
80.0000   20.2245  [20.1896, 20.2594]    0.2079  [0.2046, 0.2113]
90.0000   11.4656  [11.4350, 11.4962]    1.4491  [1.4391, 1.4591]
100.0000    5.1682  [5.1458, 5.1906]    5.1517  [5.1321, 5.1712]
110.0000    1.8069  [1.7934, 1.8204]   11.7904  [11.7624, 11.8184]
120.0000    0.4913  [0.4845, 0.4981]   20.4748  [20.4417, 20.5078]

Lookback Options:
Strike    Call        95% CI         Put         95% CI
--------------------------------------------------------
80.0000   37.7581  [37.7120, 37.8041]    3.4467  [3.4284, 3.4650]
90.0000   27.7581  [27.7120, 27.8041]    8.2542  [8.2266, 8.2819]
100.0000   17.7581  [17.7120, 17.8041]   16.0804  [16.0467, 16.1140]
110.0000   10.2524  [10.2121, 10.2927]   26.0804  [26.0467, 26.1140]
120.0000    5.5977  [5.5660, 5.6294]   36.0804  [36.0467, 36.1140]

Barrier Options (Up-barrier=110, Down-barrier=90):
Strike    Up-In-Call     95% CI      Down-Out-Put    95% CI
-------------------------------------------------------------
80.0000      19.4263  [19.3631, 19.4895]       0.0000  [0.0000, 0.0000]
90.0000      14.0536  [14.0006, 14.1067]       0.0000  [0.0000, 0.0000]
100.0000       9.3628  [9.3196, 9.4061]       0.1974  [0.1945, 0.2004]
110.0000       5.6742  [5.6402, 5.7082]       1.0710  [1.0616, 1.0803]
120.0000       3.1912  [3.1655, 3.2168]       2.7772  [2.7592, 2.7951]

Total time used: 5.5774 seconds (CDQ-FFT version)
