Derived Parameters:
beta = 27.5583, mu = 26.8592, xi = 0.124208


European Options:
Strike    Call        95% CI         Put         95% CI
--------------------------------------------------------
80.0000   22.1558  [22.0972, 22.2145]    2.1141  [2.0989, 2.1294]
90.0000   14.9839  [14.9324, 15.0355]    4.9422  [4.9177, 4.9668]
100.0000    9.4898  [9.4470, 9.5326]    9.4481  [9.4136, 9.4825]
110.0000    5.6407  [5.6070, 5.6744]   15.5990  [15.5553, 15.6427]
120.0000    3.1584  [3.1331, 3.1837]   23.1167  [23.0654, 23.1680]

Asian Options:
Strike    Call        95% CI         Put         95% CI
--------------------------------------------------------
80.0000   20.2329  [20.1980, 20.2678]    0.2143  [0.2108, 0.2177]
90.0000   11.4845  [11.4540, 11.5151]    1.4658  [1.4557, 1.4760]
100.0000    5.1763  [5.1539, 5.1986]    5.1576  [5.1380, 5.1772]
110.0000    1.7941  [1.7807, 1.8074]   11.7754  [11.7473, 11.8035]
120.0000    0.4813  [0.4745, 0.4880]   20.4626  [20.4295, 20.4957]

Lookback Options:
Strike    Call        95% CI         Put         95% CI
--------------------------------------------------------
80.0000   39.1519  [39.1056, 39.1982]    3.8327  [3.8134, 3.8519]
90.0000   29.1519  [29.1056, 29.1982]    8.9823  [8.9539, 9.0108]
100.0000   19.1519  [19.1056, 19.1982]   17.2137  [17.1801, 17.2472]
110.0000   11.1778  [11.1364, 11.2192]   27.2137  [27.1801, 27.2472]
120.0000    6.1577  [6.1248, 6.1907]   37.2137  [37.1801, 37.2472]

Barrier Options (Up-barrier=110, Down-barrier=90):
Strike    Up-In-Call     95% CI      Down-Out-Put    95% CI
-------------------------------------------------------------
80.0000      19.8994  [19.8370, 19.9618]       0.0000  [0.0000, 0.0000]
90.0000      14.2484  [14.1959, 14.3010]       0.0000  [0.0000, 0.0000]
100.0000       9.3861  [9.3432, 9.4290]       0.1324  [0.1301, 0.1348]
110.0000       5.6407  [5.6070, 5.6744]       0.8247  [0.8167, 0.8328]
120.0000       3.1584  [3.1331, 3.1837]       2.2660  [2.2499, 2.2821]

Total time used: 70.3283 seconds (CDQ-FFT version)
